6882995145646673166
6882982172739783939
6882945901367676168
6882958721719323916
6883093359997635854
6849172354753465604
6848835923430345997
6848850561106808078
6852959254513536270
6848844197701618952
6848874136572349709
6848769788425063694
6848898037788560647
6848856703497194759
6848922685674704128
6848868667233471744
6895645115327548683
6863352314317638924
7015126847277124878
6852471007010180352
6872225881922800903
6921652894693428480
6812182561956089101
6817599587109424391
6812205450403073288
6771036373781646605
6683993408370904328
6702591963255885059
3x4b4heing4qn8a
3xy67xydmt3pxby
3x37hj7i43bnwxa
3xsvtp3d7txyd5g
3xq5c94hz2ew6mm
3xr2uqhpipvf9x4
3xp73wtgpv85ipe
3xjeb2xcq4r62ti
6890557139635473668
6799192188782742795
6799533163812048136
6799610832528477454
6799481768757054733
6799632132231728391
6799402620197932292
6799592807204949259
6799408811812736268
6799804611491302669
6799214625020710144
6799285650232282368
6921590353304833293
6799567742367255823
6799445735189368072
6799215193923603712
6799232523990748427
6799630077681356032
6799522394093538560
6799842434990755079
6799433567362370829
6799871964044397832
6800199936664292608
6853657007828847886
6700861687563570439
6888259844172778760
6948604237312052517
6868252662182186243
6828312624011185423
6801975907172044032
6874220865987415304
6894123336046005507
7013655059615583492
6894418284972641549
6937064570032819487
6923761208126377216
6923944604484013319
6923248650873326848
6923392226127121672
6944563014737644813
6734183552138644750
6609176747055254797
7015131742344350984
6846279291731315981
6846278828227136781
6846393271279783183
6846363199571283207
6846270187113630990
6846350151716588800
6846323530779430152
6846256034172964111
6846302822405803268
6846299323572030728
6846303393753992448
6813127019132423431
6932598050611334403
6925030631521013004
6800979777382649095
6811243864851025156
6789893745149086990
6792797475833990400
6791347567276854543
6792897401788091660
6795781027680898304
6789837915535969544
6791108774804376845
6789943769178311948
6657757273663737100
6657315189093862668
6888541926488804621
6732085366825700612
6854704649019198727
6796086977654557960
6955693172307594534
6615899462533385479
6616450884832333069
6615513758447979780
6615158947240217869
6617561143990816007
6618027963864583427
6831726615974726912
6875506196208504078
6970158017438387464
6969091056004599055
6969087488023448871
6969110448809544994
6969134658978106632
6970194168421403912
6969122838540225792
6969113905746496806
6970695764582370571
6969132100066839840
6969445193225473294
6969101155754364160
6969073275540491535
6810398774649736448
6866426039648718088
6712816336973647116
6771036010101918987
6821462506544991496
6789239936978652429
6787931864230399247
6824457136597110027
6925406534285495565
6820640530037361935
6822741118699048199
6792710074407062784
6821498975498095875
6925552908167630083
6955760886380367141
6775508012497964303
6905905064129416459
6864306556071087367
6773826654889364743
6789230703390264579
6789116698042699021
6789475875122318604
6789212420637232392
6882734940627258638
6882597499773734156
6882284651981950212
6882019900957707535
6882376493612289295
6882285474606566667
6969968631992028453
6881996672826641679
6882179308740234510
6882688817216687360
6883695293607496964
6882324874296167688
6883309663887052045
6882371254087601416
6882335565744721160
6882551291101465856
6883427969172393231
6887537198124567808
6882261368679025932
6884233572681567488
6882519280492055823
6882207314565287175
6643668413828828424
6870028793084480780
6646444149622967566
6873110086781275403
6649939133181496583
6835161375895997710
6914595715704458511
6817309213111504139
6898573443512552717
6826634159990017291
6923485823371447559
6861904335417232653
6797946717984525576
6798440875786587406
6798008311460433159
6797997723753663752
6797925040911305987
6797977154782006542
6797955890583555328
6797924760434003200
6797937482760490240
6807197079044246784
6815608457887010063
6814719292131511564
6692770651482164488
6691220078169427214
6733128487613238531
6789179815841844494
6789126750887529742
6789137562125585679
6789269241737563405
6789446985515601166
6789515540890275072
6789396303777467660
6789411863441558799
6851867018145090819
6852105097892121871
6852322189618842888
6922285670010473740
6593855966033218824
6729863166571908359
6791331018306587918
6791442371943910670
6893477906882874639
6892156062619749645
6752811707518749966
6893383722993782020
6752267747142405388
6893077965429591311
6891553112411196685
6792571347609505024
6829451492391537927
6873624092294073608
6873624365544574216
6873624849114287368
6895999377542745351
6922317442479869199
6798066523282885896
6797393343480417544
6793884900228336911
6798778448115551495
6835822316132240651
6809108235757325582
6809082780979399944
6809086139736034572
6809088973919538435
6809993376138677511
6811731857701358848
6862262999323774215
6849733324701846792
6850243506976328975
6850318649975229696
6796985569776864520
6763119711237475592
6796939583679401230
6737281726466329868
6737250162667834627
6805338726206573824
6804776274364534020
6804747267786935560
6805114691329756427
6804990192773025037
6804689338765430031
6804780254742236419
6924115033282596111
6976190785423199518
6832839786999336192
6810857820892728583
6806184441392680195
6847423671095610635
6806994272903122184
6806900594234854664
6808073686147419399
6806636081799286016
6815863114907569421
6806940383621270796
6807251562881174797
6806845737222098189
6798119823319633165
6795136003800567043
6795390464452218127
6794816030641327363
6795726406232886540
6795764790707932431
6794988930535132431
6795769343574674695
6802916932044508430
6732286238021160199
6729400686074760460
6924597177310350592
6903350416000503047
6903417736039271688
6903391663654259975
6903482569623375117
6756049768167771405
6912698771163991307
6804697484024139023
6804741575374015752
6723878732349721868
6804199355738869004
6791103843804384523
6790512189703867651
6958984117077773601
6971045158452235535
6861156588284120332
6976521836163058982
6958568570905201920
6958423364281175331
6590972352731811075
6884896887976021256
6884893912100556045
6872882461475376392
6850037694488235279
6844743558939806991
6947553212157152542
6897483952299314443
6646725072495054094
6648940727432645901
6681488793100455175
6610821466466290958
6617393568547867908
6614033953328205069
6609129207760948487
6683813797590863117
6609092980735216909
6916026292047514887
6915977232523545860
6814350072894065935
6814223358167649547
6814398145854803212
6814020004724428032
6814290877805006094
6804705458432003328
6666314921619295496
6716849310362848523
6853306188751277324
6815514117089119488
6818254662957812996
6818172291185216771
6818183900867693831
6906797838299090184
6923791489453575439
6906526529145081103
6804759703986425103
6805429938464804110
6857772616908934404
6745966833112730892
6845079496467516672
6813917386270395652
6814358502589369615
6650297598831824132
6650290016838864142
6650290449728720132
6867859275339861248
6886683690433383692
6724229983763549454
6862992444389199107
6826906406629788942
6825652924190903556
6976556097561824525
7027846689465568520
6900018298834930957
6935428450366803230
6900073008388459784
6864820920872127758
6865234646532132096
6865642115393670412
6735787083878780173
6736398192516107528
6735974091859250444
6735936408239787267
6735866308967107851
6866678444009327884
6867068647152700679
6867119524294954248
6866979815686294798
6961335020694867240
6962470014104423712
6810729408022744335
6965924270757170445
6797317471222222088
6896373201203514632
6896293361062251780
6896079262370057479
6790698483734039823
6789596785385000205
6791071587224292615
6790610269031664904
6791042788709469448
6790987860217482504
6790994130337090823
6790377354146467087
6881232398978223373
6966865626539379979
6803220050435214605
6803631659339009287
6802876759202123023
6803630413559385358
6803550951979388160
6803209256284736783
6803906422519237891
6803680340402539789
6877328562022583559
6950171571306695976
6737972209689611523
6737562768133721348
6798661547246832907
6888268465443065103
6810766098741480717
6811717413210541323
6810751381972995336
6817453297524313357
6810861641392000259
6810892177149922567
6820072082794171652
6810434722972355854
6775038723521383693
6775337505085525259
6775010520979311886
6775101574776638732
6775437618655005965
6774946888216087808
6775001928356121870
6775043765359938824
6775057226185968907
6846696067157855501
6626546582256880904
6668609331593891080
6761524739673558285
6668169334721891588
6667832599202860296
6668604896394120462
6971261971538742542
6821722703318289668
6805200989348449550
6806627068806286592
6805484074208087309
6805178488119659784
6669263871984913678
6871418953919515911
6902403863274425612
6792078822356389131
6605897306417925389
6964305242070469922
6658113316042345736
6631872122111134989
6631908657430793476
6977225430944255244
6805163827123064071
6805456913506012430
6921872907924802829
6968703581247524109
6914868017910320384
6915282201991007488
6814268707116829955
6809422948814818574
6913856829122465039
6903409421183995149
6903438963965529347
6833180805523655936
6828472686629473551
6930202412284153102
6830322258532257024
6828108856078372099
6829344934055791885
6828084054592703757
6666751540021251331
6708125601703660804
6767485224801684747
6659670456464903436
6652318431716691203
6841343937014156548
6841721529869323520
6841757602284604687
6842866874104024320
6841513596141276423
6841802131771526404
6843223547012320524
6841157087737810183
6842198568623803655
6885306773683653899
6971562441322827021
6717151423227858179
6884560770525400332
6884930389090110734
6975145016507387177
6722372266396536067
6648367305724005645
6802604813633785096
6802851077705288963
6849325235796184333
6849139091796282624
6876307200378146059
6875943585640975629
6710765185000361223
6735274778426395916
6707521283178958083
6708130500130770188
6848416927472176391
6691461631374888195
6690045890444446988
6891294237036416263
6889960078342982912
6889688683054632192
6737534985860893965
6924929045708705037
6925218688496962830
6924276158305438983
6789764070896585997
6858462238185966860
6869932962536819983
6866352267004611844
6774924661470891264
6855232520561151244
7027873765598055684
6883109921852804366
6858543833941101836
6967304512025529639
6820179715064745229
6823900927192272141
6825143527085772045
6836034235967524110
6817675724665703692
6817979355336117511
6968800423142624520
6969146657258736934
6793448019225267463
6969037949920906509
6812556773916937480
6890096787571445003
6880825119963434247
6880907739334315275
6881087516192050440
6880856650178104589
6960701115130285346
6961635135196351781
6961171972868902148
6883878275328838920
6882572192501026048
6924308985721982221
6938366074006064414
6730005569073106180
6883851924790136064
6940404918889106722
6877826756015852807
6939804053744536839
6602089727090756872
6602092948031016196
6854428993400098062
6854411205600136455
6854466699173842176
6854532920569236744
6799829298762059021
6799592761499700494
6863203977656405256
6861885697775701248
6853626230684650755
6883002263124626695
6713066052504292616
6723140781441322248
6717960933538270477
6875802829269880077
6860043902666198275
6763209184528928004
6860488338697276687
6860665652357631247
6960467999165926696
6942027436464852254
6953206357570915599
6819144347590593795
6872644808154844424
6812356200517127428
6810892086141783309
6811601588193365255
6810183442228088064
6963233504134024487
6585097411885010189
6571231799966436621
6584654455793257735
6589802305174899972
6585751304314817795
6589804927680253192
6585423557172399363
6585701737036778755
6589801702977703172
6589801198071581960
6879925463733652751
7020638514916117793
6872907441135275278
6872900172397989133
6911949842147233032
6872926439709134083
6601418130373741827
6601552344368811268
6601693670523538701
6601509368028466445
6601480547455733006
6601627338029403395
6601505419212885256
6752823620881501452
6752403969139641612
6752500200847265027
6752503898239503629
6752463521885326600
6752769472836259084
6752744386607516942
6752421543512476931
6755378886512495886
6798719685182475535
6841641009479273742
6841738028021599488
6841698145173277965
6943077802723822881
6594392272438037764
6594260302991199492
6763220699252411655
6965948653118704926
6709366729115503875
6741271306672622852
6741307029693926659
6961671164758445324
6961542946059488542
6588057622690139396
6810364597237845256
6824314763397369101
6665860072050150659
6584309915597147395
6746074256381054215
6601651424973557006
6601363612395113732
6601567618816019725
6601367719201737987
6601471942249680132
6780217047482682635
6763127593215577355
6974608529348889887
6763184473241619719
6782769312651431181
6902249775282834695
6780264564631047438
6763131349818707203
6862146422674836744
6861868178411212046
6862632021471005959
6861177952336448772
6868242677725400320
6857248877834194183
6855968771857861895
6866755739868843276
6857064672776949003
6836009676849679631
6901555943423692036
6901991916812979456
6901544459809459463
6862711949310856456
6954728923670318373
6966937438413491488
6966916807554813222
6967168386627407138
6966751274033351974
6967251039728749855
6966595257593007374
6967522520727653673
6967292987084672267
6867810873981897992
6841849812283821327
6924492691766037760
6956472320345066785
6958748319191452964
6958612363197041931
6929818142382247179
6910034292022217996
6882327798631943435
6881900497465380104
6917951732773375239
6935411196338228495
6883481842016603395
6884414855001001231
6972815906502151463
6848425894361517327
6848861749949582592
6848464753204006155
6848579855626292494
6848501754376539392
6848770518095531277
6933984545607863556
6975634643404033293
6843695846136106255
6843212356214967567
6845025280160009480
6843428070272060686
6843028258036976909
6843604905266072832
6637728366650723592
6612183406635650308
6722438557987851523
6792102270520544516
6974326372076473639
6750090376167656712
6750084855222013188
6927088372099927303
6927098259127274759
6927186101178502408
6888561950561684747
6926098495787126016
6851383928897539336
6855409013547470095
6852625488393866511
6851466996798868744
6852295865047026952
6946100869813357865
6752814648501783812
6796269202954095876
6796250238131784975
6796278439218253056
6796892888799186187
6795843422155558144
6796235429608688900
6950140420286385412
6613654207608130823
6952424015675886855
6596996733048196360
6843964897949142286
6871605448215186701
6889334569816853763
6736737150169042183
6682302034592533768
6962281009354149159
6822849359667924227
6822822191986396431
6822799485123579143
6824249309484076303
6800313787682393357
6799487592053181707
6799062729790459151
6799212507085982990
6798877401142070532
6910238257267641613
6892230838822440195
6899240792330718477
6899267608013507840
6643213295887060238
6643257618611571982
6642214705265904899
6642473378819083527
6855475582453484811
6858882581929168131
6855504368691678472
6811750377726283012
6963661561554586895
7048432073551383846
6884213334812527872
6847352943386053892
6639480431265713421
6734952578938883331
6839432188866383118
6701101433736973575
6930058090414951684
6851208905821883663
6851539649047923968
6851131414222490894
6851132909647072527
6854883426433060096
6857344782113508608
6851149328103394563
6864923280172666125
6865153689397497101
6865119605233405198
6893269628953382144
6686481160224230669
6749276397937757453
6723730118780488971
6723476827882425608
6723837649523608836
6891570229969816845
6890730826267413773
6999917049434737924
6968710894654197029
6894435692538088707
6848788248337173760
6848853805828803852
7018071222957182245
6849611318106934536
6849273789818113295
6848846476597071115
6656020525690703118
6601309012942130446
6656609197859278083
6656727039187438861
6960636617618967840
6656349042290724103
6659729914352176395
6583481991964921092
6582489910870019335
6582761311287905543
6866197280584699136
6789970177502055683
6672177708996349196
6669681666606337291
6670698133162315021
6670693135917632771
6670418901978959118
6670080902330141956
6706017108238683403
6706025183452351755
6706303784215121164
6786554322516757773
6706733840070659336
6706666689691520259
6706877877868121352
6706307318742584583
6709747277369445646
6707520442938166539
6684799575590587651
6873498386075503887
6843335747563474187
6772392788966378760
6837080981480951040
6841458671445183744
6841898406458182927
6748975268213427460
6749010896951020808
6810563817186036992
6853696307836488973
6733340523794402574
6634052840174128397
6799920478912777487
6800390134777842952
6866665922355088643
6857375682675166478
6858255021612469519
6905496338289511688
6676824324873243912
6690414518859812109
6769364663302917389
6645815668123897102
6723297674604350732
6853279754209086724
6852869196473306382
6854760502371880204
6755736301779127559
7018090584246160647
6895138486022688007
6949094701811174692
6844484276851952911
6741239300479929613
6742065740737760526
6898989866432908555
6940500821041745185
6963475755355393315
6832185731620867335
6831180377688788239
6831126629700488451
6845253491976457484
6831381330450861323
6830756581827808523
6765832813238357251
6922820326267178252
6856934489415814407
6901945767066455304
6725959074594229516
6970141632582782208
6672333608885193997
6672594809124883726
6716132354248674563
6693371163273399566
6968732100300180744
6969713655126510879
6966460383699782953
6828710235448872192
6965421764612558091
6791424540338605312
6693709051819330820
6966482095812218144
6749387130092424459
6749752784016379149
6966971745383320847
6949076459247963423
6786394260695502080
6866321876864552203
6897530029597527309
6871882437987716355
6859694525888122112
6796616456328072463
6796850990931922190
6796863411708792071
6791783098536217856
6910071453115337997
6533114736177843470
6613318089943551240
6672607427034107144
6672596808490831108
6794990416669330688
6999580002933116198
6795018932831980800
6790828160695946507
6790922195494341896
6790904987712113934
6805794994201332992
6805843004675443972
6805886136331062536
6805754741612629263
6805750422867922190
6812129190201036043
6857772551565839620
6588370236414627085
6571001202379590925
6872205855849221389
6867424768560303373
6867364396381768967
6869287253827521796
6900020602325716237
6730921689619746059
6660784036757196039
6660794545132817668
6818106186253077760
6808699529592868104
6690094171123911948
7015112781401787656
6881463059546672388
6881935035121847567
6881220567740058883
6841313813887831296
6907264931377286414
6858261421122243848
6908203826021534991
6838465131337256207
6908100104171883791
6860315708467711247
6942624537611717896
6870133525300006147
6890842868357958927
6837109740330405133
6929447653319216398
6852598901032160520
6844439307940351243
6890075704415767819
6860077218111016192
6842834986417016075
6825848797239774475
6900901879304211723
6850444269824527624
6838179907978153230
6862580471000288512
6851757877980368141
6838103289851104526
6841176893027339534
6862620542722149639
6926078836232736015
6977896947092819208
6845050996394069248
6959070097126346025
6847109400235166988
6861920937609153807
6862626165442514179
6972703718487756032
6855465207934831879
6854770358029995279
6839197629331541262
6838096889913707791
6808542878009167107
6808539046395038990
6808728377600511232
6808536938602040590
6808538691502476556
7015180893803351308
6702695933576039688
6856761078001552648
6941874367362026782
6968635495198788864
6968612703178853646
6968708193165888783
6968679974110891300
6863350843568065796
6964695121380035871
6719472095836884235
6898648376951311629
6962419458421886248
6773597400549444877
6991494535851330846
6843792717835701511
6823363913669725448
6683804664594517251
6683802242291698958
6684239798695103755
6991496387909209357
6781203276546329863
6965941390442351902
6896844454724930831
6601765814712405251
6601707759312309512
6637504149732723981
6601686537832762637
6601845922928266500
6601803968425233671
6601690518281784579
6601810803031035144
6870291697490840840
6958774352036891917
6746097657741118723
6603693731239431431
6702031746860453127
6814451941804952845
6952058686420356366
6791087880077954318
6779859634711809283
6827804688365227264
6857411280916057357
6955367636876152077
6877782422897822990
6681912078522928396
6877516937170144520
6833590376872316168
6848230767944813831
6694947747214265608
6875710565008821504
6720202003189894407
6868092030178839815
6922861288834075908
6925389180478442756
6877333959764757768
6838454773600111880
6839913812527779084
6841818957217795335
6658850835998444804
7008825846341340449
6807575619598142727
6807984321668861184
6807588716341742861
6807550037825015044
6807641056977390848
6807582684005682446
6807641854180461839
6807605833568947471
6807624102896028943
6962697672247627019
6962815025379544350
6962474748638940451
6893044994064600332
6893079981358861581
6787190557866200323
6789737243754974468
6747713690004425998
6786598297932025092
6788717427145428236
6739877973362511115
6909484183282781444
6829659638355479811
6862631381806222595
6827215508593495311
6964273350474550565
6740095929317133582
6632978467921071374
6875518042453953804
6955779828280806664
6671112046978796803
6671495133961276680
6670805620435750147
6670707542898789646
6911886311465045259
6911885762459962639
6911946224694250766
6912653109466647821
6911959319927852295
6911639638021098759
6912372801232047372
6896777878248131855
6807981206370536717
6807962256270200067
6808015877334650127
6808014560423906567
6965921131731651851
6966539647115709708
6855981062661754112
6794048844045765892
6752778390366997764
6755327541562690829
6754986372974611725
6781430354055154944
6867166970853297422
6874376605016280328
6730434516105661700
6805136344969415951
6885972986743033095
6943606158175292679
6945348680832552233
6847061751171714319
6821040396726963460
6850073170922196239
6935430732693146888
6928395135147314439
6922751573672119566
6922777435528285448
6925587022056836366
6922710442745941262
6923111319516269837
6923076210650139912
6930430779285654784
6816602226124033288
6829573964378000652
6829612419829075212
6841814713282661645
6803607344740617479
6968797115782941990
6960894401027575040
6970861964713004291
6967733989947837730
6786601102973439247
6786995810811825408
6787712891559611652
6809107490568015115
6811820983104638212
6897953983655136527
6877678568873168135
3xbzd2raj97hbni
3xfujiz7e7k5ute
3x627meastrtcsg
3xzgq2kcu4xe9ce
3xffthu6xe3z7bq
3xy8gtn8hs9pa2w
3xgestwir9fq7hm
3xjr9cdec5xgw49
3xc46me4rch5p29
3xur32aznsk2sps
3xsxag23qwd6x8c
3x3683vyxjb8jte
3xdepya4cw8t6t2
3xr87chfid9wvpe
3xmruujz99fcdbk
3xsepbi8enkwmxi
3xtrrhe37egsz7s
3xmxwuq867w95e6
3xv2rkyp2bzajeu
3x3p585pre2uq8c
3xsszurwtabibs4
3xak4byq8e4ke42
3xkuv2uxe6azhm2
3xd44tsqxrjfbaa
3xg73rss3sdqqku
3xbfakcavgfknsi
3xbhduy2wyvnjdk
3xf6gzk8mebxyjm
3xqy7qr4amkp44i
3xt6ngf7ijprstq
3x25ybraqeighzm
3xs9rjfy95uj4ea
3xinbffb49q4fmu
3xmfdvafpnuxhe6
3x5sidac4zdeb99
3xdbu5uxz57diks
3xtnkcm8527zeh4
3xryb33gbmepdes
3xstdsmuasvpwy9
3x9tqsx6ue69guy
3xnyv8ctmhp8zyy
3xdctnctbnzxt6y
3x4tpy4899xiyie
3x2zch5gn4zh9tm
3xdr3mm36zqbm74
3xxewae5afnmura
3x2mm7xmj8wpq5m
3xtavn2cwiez7fu
3xb6yajw26xiumw
3xq2wxtxsj9jut6
3xpjyqpskjxsukq
3xhmq99savp4sxy
3xezr4htuqxmh9c
3xpxazku5zy6hki
3xtj2c37w9gbkyg
3xdf9duhj7279wy
3x3j8ngqac98k5i
3xg2zthjskz768a
3xetaq3xubvsd46
3xvg6dikbufifg2
3xfves7h27ekhb2
3x47b3x2jxzeu9s
3xwr99t37ja3jku
3x2rcnynrkcq2t2
3xsnyqsk2imatxs
3x8qz5767vxkabm
3xr3kfv5dcbqine
3xt6xxcdu46renc
3xyqy7bw625iqmi
3xivk7kre5fg3qq
3xkxw4ypb3z9dua
3xga25kuspsv7tg
3x7fmnb83cu6p8a
3x5e3gp2d87wyqa
3x5ukaaarhwb6mk
3xqvbqu2mwutzqm
3xann9z9p6a9cnk
3xd4q8scnjx7m8s
3xvmqpw3a3acghw
3x2ijm5pkxhhv2i
3xgd7kfphm4dkea
3xwk5szsrzp384q
3xkrcqew9ehghjq
3xynvbi7mwja7zu
3x62d3gz53276vs
3x845w5ghsgk3hy
3xjf9fdcc9f468u
3xgrbg3v4xkw9m9
3xkpprkxwqkt6ys
3xbaix7rtmyz4ak
3xrtjhvvxn9juua
3xs5yyui9eixsis
3xditxafxkx2p52
3xhbvhpsbih94ia
3xtcrmctskmcn9e
3xy4vn77pthun2s
3x67f6wjets7kmy
3x7zfafv64yz3hs
3x4vjn57kdewfhw
3x45r2zhabatrie
3xbp36nyju5yc56
3x9bqung2nu7kc4
3x5yiw5hwys89cm
3x7xvgsxawknjwi
3xr43wnyik4ei9e
3xhx79jtrqtidx2
3xujti347fvjy3s
3xhg6rkhqhrzd2c
3x3q3hahn6m93cw
3xqrdtygummwmr2
3x432tjvxinwezy
3xfwr2gzemrgaxc
3x9hjpwvpvwhnvq
3xgxxwg4bs8hhiq
3xucctxw92h6iy4
3xqi5sx7y8gmj9c
3xaghn65czmtaya
3xvxpdrnhbrfsm6
3x52i9jh8en2xa4
3xym6d6rhbwfvwi
3xtgpgvdjhncxw6
3xrt44jbg25c98e
3x252r556a2924a
3x2cmdj3f78srsm
3x2e58x2qjtxkj6
3x2gz8xbnubcjzu
3x2hqy3c9hdfr46
3x2qbcnaz6iin6a
3x2svp7wtrysakk
3x2td3pk9g35gq2
3x2upyknqurag54
3x2vrs88h8z6szq
3x2x7x8gg67q3be
3x32xpnzvy8zprk
3x34txsgh77wg3a
3x36yd4pq593xgq
3x3844w57698meu
3x3b5qt4kh322tu
3x3bemanmjsg9j9
3x3ckmbkc4fr3b2
3x3d9amy5hstrcw
3x3e2d9kw3d38fc
3x3n7i5r7mx3zqc
3x3nakwg44m3c8q
3x3vr3xw2phwdxg
3x3ybfqfsw8k3kw
3x43idxk5w5vrxw
3x48ret89vhanji
3x497g6axqey4i2
3x4fprj2y3wkpqq
3x4h25rqxf99t7i
3x4hfzaq6dgb4k9
3x4hr9wjkn9q6uw
3x4p7wvtv2pd9bg
3x4q9qnsrpvf4je
3x4u2idyuju97dg
3x4xui9wvr769g6
3x53ac3h93vf3r9
3x5828usxrrqke4
3x58gquvkdiqvmq
3x59uvnx32kkngy
3x5aickpnrpqhds
3x5cu7ezz33wf6y
3x5ibdcizvyit4a
3x5jp5mezdgi4fq
3x5p3pvd8pdky6c
3x5qyy5ckq7swuw
3x5s3h6uyj5xfss
3x68zxc3ic2uk7c
3x6darptsdf5ic9
3x6grrjdmfjcvgs
3x6hfvinryh5j7m
3x6npxgu9kr2sgu
3x6rd6qtetk9b5m
3x6rptbr78izvt6
3x6rt3xnesb4qpe
3x6u8ywhvmp6nww
3x77de6ge8bcspu
3x7a7juzrk3g8ak
3x7abhetbrdcmes
3x7e85f2nh6r2wu
3x7e8w4ccghcery
3x7i6xjvpbrjfzk
3x7kapcdec4yft9
3x7mm4prebqqqym
3x7tg8ssm7zb8g9
3x7tstw5zadfd74
3x7vk8jk8uta35w
3x7wujde7b33mug
3x7xttv9m6zms4w
3x7y3ftb2pw3hk4
3x7yb5v5zsr9iwi
3x83aw2k6kj6ce4
3x84funch5xarre
3x857esmry8jwjm
3x8dp7zscxri5d4
3x8ex48wyuc5uhm
3x8itqvvdgrs4nw
3x8nm8963gqmez2
3x8prc8e4yqbu3i
3x8stnuh4w4z7n2
3x8te6xa787myhq
3x8tfm78zjzuk2i
3x8trva9ykrpdr2
3x8ttrx4hstaer4
3x8v8sbdv5rbjfs
3x8vm4hb5ba66bw
3x8xer3fc5y46dm
3x8y3r78ih2pcea
3x8yvwgeta3enn9
3x94cf2iqnb2y69
3x9dhy9fumft48m
3x9gi9csrtcsg52
3x9jq8jyb5jby82
3x9jss8pgj56ipm
3x9mdqekeuqr634
3x9nwnj84m3cq32
3x9qj3njeezgam9
3x9zd4pmyee5r66
3x9znjfdy6mni56
3xa3247p7my2z96
3xa42zzyg32yq22
3xa4fsmda94hgr9
3xa5iafpjk898ck
3xa9xu44eur6dy6
3xac2wqftvihbu2
3xadd8whdwr4awa
3xai6e23q8ctwkm
3xajber3dnycv4i
3xajn7s22e3bccs
3xajrrry5huesxg
3xaku2fi86cp8ey
3xakxrebxzvt9ym
3xazmuvizcaakxm
3xazqphaqedebx9
3xb22nscgvnff3w
3xb6iv9nfiwviai
3xbdwzq229m2ifi
3xbf77vbekt2azq
3xbncbnmp6bht7m
3xbuujgiy798qk6
3xc3855y9s3ek7m
3xc4ddad3iqv8d4
3xc6kryz6f7669c
3xc7n2yjnjv2bru
3xc8f9m2xq24d82
3xcfp4jvic85w8g
3xcg33em65pw9fi
3xcgbi9d2d8rmmc
3xcgikuji7xnvy9
3xcieg4sgab3wse
3xcjwkhg9a9yz4m
3xckb5udfrjmrq9
3xcqacxk9636cke
3xcskteswkckwn2
3xd2phenmd6jbmc
3xd5tzsfz34vufs
3xd8gse9sunm5rq
3xd8unj8q8q95t2
3xdcfg2npatercy
3xdcjwjrxhwsqcq
3xdcxpqfwesxke4
3xdjh38f4v2bkig
3xdpafj89627ji6
3xduckhwh76ywae
3xducwys6mt3c4y
3xduvt257dpjr52
3xe3er4rmquccza
3xe6si4ifnmtt46
3xeaxug5we475m9
3xehdxv4px2its2
3xehe4cbsrr53vi
3xei8hkqz7i5kxi
3xemxdkexfwj2ui
3xf6cvqp456tjkw
3xfbehbhbfjfi89
3xfd7k6bvnhhebw
3xfdbetmka48eiq
3xfesnh86g47gq6
3xfevhdwe9iejhq
3xfj824arvdbxn6
3xfk4czmbv3psey
3xfrr3t4zkmc5xq
3xfst2mt4spsq99
3xfugyiwur4urtm
3xfw32q4dqkiyyy
3xfyscnma4nsmyc
3xfysd9zwk29ggs
3xg6j28gs333sqg
3xg6jpkp9afa9z4
3xga74hk8bzbgt4
3xgb698hr5jsyq9
3xgfgk5d4pn3j8k
3xgh9hbqa2kcu7e
3xgi3ftmi83ke2w
3xgskjc8s4dj8mi
3xgswq5c8z4d5fm
3xh3mxrd7pj6sbm
3xh9gjxy6rkg5wy
3xhbg824xcqr76s
3xhbwukg4sg52sm
3xhcekjaafetqdu
3xhep9azwbeuwye
3xhf2wrfmycgv3y
3xhfcbjf9z2m6hm
3xhp7c8a3piwgys
3xhzc4225xj2jp4
3xi25a5xuir6966
3xi6ijtrvqft7a6
3xiaejix36a5zjk
3xicq6jv6caqu3s
3xigwzke8wpfjfq
3xikv9ux8yi4cq6
3xingjgp2cywnj2
3xinxitcp8tr4qi
3xiqrgxk4y4ytpu
3xj2mevb7x7c36g
3xj7dnpbsrjnctw
3xj8cwmikj2vbr9
3xj8k42c3vq3xr2
3xjhu2nb82rwc29
3xjkkiwz4i8q5ek
3xjmbb3zj82t4uc
3xjsgikfd6fxf4m
3xjv9ezq4nx68di
3xk5vd4vjixbunm
3xkawfceecgxpgs
3xkca7qz2wrpzq2
3xke8g72prihncq
3xkgamjcnac2m49
3xkkg5828b66b6s
3xkqq4gqv2jwebm
3xkqrvwam36uwke
3xkr5cb62vrqgzg
3xksn2sa94by5ge
3xkyfsn2nqffs5u
3xm3faiugmt6vv4
3xm3ueguexkhez2
3xm6cfgdi87tije
3xm8r468bs4vh2k
3xm96t56etnsz7w
3xmef2pdm6j5iu4
3xmis9yb7m5nfas
3xmnhs7jun9jukk
3xmp52g4njfq6xi
3xmuhasc9stw379
3xmyvj4mppnu28e
3xmzjex75zxr66g
3xn46ahfmzxpkgw
3xn5r5hunm3npwq
3xne9ingv2w954k
3xngyu6br33mbf2
3xnk6im4tswztt4
3xntizpht5qq6ew
3xnttt2cet3x2zq
3xnv3vyayyczw6a
3xnwmfhb5zs943q
3xnytmuxj3q5yeu
3xp8ixgzyzsd9i2
3xpagups3fpvmk9
3xpdjq32v5rzp82
3xpej2n4cvt7keu
3xpeuqgdstzbg4e
3xpfzzsb67hvhiy
3xpgttbxgecyw8c
3xphf5chuf8swak
3xpjkw34pxm5exi
3xppqx27b2354pm
3xptn4sa77yy3x6
3xpvhih995xmmk9
3xpwbyigtq8bxhq
3xpy6jveyc3ddqq
3xq22983ev7ve6k
3xq2sckicwhcfjw
3xqbbtffv6kfquq
3xqbh4dyn9cvpwm
3xqftm6axn73qxk
3xqg8tenvphfzbs
3xqnx3icyq3jvmm
3xqpk3jkqg8qa4y
3xqwycwmnu69dki
3xqxuepyavp3bu2
3xqyfgx636625ag
3xqzd9uhwawt2xi
3xr2jb4vkxvc4ba
3xr3a8wyr7m4b5w
3xr3j2kpcvniegq
3xr9mwqg8dnh9q6
3xrd7zptf8axz4y
3xreagrs6ze2t62
3xrfn5vz6ru7txa
3xrgk8f4vrrsghq
3xrhmg72wuz4wb6
3xrmfsdwarjwyfg
3xrpffa9z5d66uq
3xrrf488kbvfniw
3xrrsjf2rsksk92
3xrvfxubh5jgthg
3xrw9j53ib359fc
3xrwwetz4befca2
3xry52emffxvgeq
3xrz7pxek48nqnm
3xs59mg4ju9adx6
3xs5e3i3a7xygmm
3xs9psqgu52qt2w
3xsbaf8588raa5w
3xsejbt27c6r6i4
3xsgu5dt55qcfhc
3xshwgib3i6dk7k
3xsi8gvqrjis9uc
3xsjsfimkn7f4pu
3xsm3xg5m6b58c6
3xsqpb557r6bjjg
3xsqqbaw8hmytju
3xsr58cwtw5uyjy
3xsrpx7h4g5d9tm
3xt23az557iuvj9
3xt37ijwcw6bmda
3xt4kiqw99t33am
3xt7su5k8aaawy4
3xt9ixupdzyujqq
3xtbidmgsa553v2
3xte5yssxwrciwm
3xtewccrw3578cy
3xtfeta6c3be4p9
3xthxhuyacfred2
3xtj5q9jpwnmgqe
3xtkh89n2uagude
3xtriv8dv8gjwk2
3xtug64ruchdhnu
3xtwsf2e372g64i
3xtxwuvhuxfwda2
3xu52mp9qpgzxii
3xu97ycpgwz45vq
3xu9ax8fa8w39iw
3xu9ry786wge3iy
3xubv38juwkvaqq
3xue2zmk8tyzvc6
3xue5nc32hm4ahw
3xujjxnpnu95mkg
3xukbb7eybxbw5q
3xutd6mridvz6rq
3xuuuke5drurc6y
3xuv9bv7uucx3n6
3xuwiu26x2fzciy
3xuy84jd2yeie79
3xuznjigyifrav2
3xvaagirk8be4b9
3xvcvr2nb4i2g3c
3xvmetj7ig58y82
3xvn2qdxfupbtn2
3xvn6rbbynxbhaq
3xvqmw48imxhge4
3xvuu6r9eersygk
3xw6xz947f7uuvu
3xw9ky58nx44ifq
3xw9u4i4td5kt26
3xwbjveiw8ap69s
3xwcs3a222actke
3xwgej7egf9857u
3xwhr7aqas4k4jy
3xwktrfqyu6az4a
3xwmdn8rh7zym59
3xwpzj888xnjjaw
3xwrd6cqkgyqgt9
3xwsrgmtms5c75s
3xx3izpfnseke8i
3xxd6ngz33pknj2
3xxe2t6fsuzkm3g
3xxgdfjxqf42ui9
3xxqb6xhr5rcq96
3xxs7ag6q2r79qu
3xxsa325kecmpek
3xy2qx99i2t48rk
3xy7jd3smwfm7tw
3xycywheebhjz2a
3xyds2f4bvchnhu
3xyercd6wh8acve
3xyg8i98945uhs9
3xyjd37ta8y88gu
3xypsrhjjk8ygi9
3xyq4zsnhyksrcg
3xyqvxj6ss42t9w
3xyrp5kjzkx6i3e
3xyrsygih6yxfhe
3xyt72fwv379p46
3xythyyv2vcw6wm
3xyweefbzfswbrq
3xyy2c76kfs56gu
3xyyexacpdhqbxc
3xyyxafu83i2d74
3xz4249ie6yzshq
3xz4n9de78h5awk
3xz5ybjrd4we6x9
3xz8he5fpzius8y
3xzesivvcxr6tf2
3xzni2rn9yb2ur4
3xzuwugxup38nri
3xzzegwhwiw7de9
6589356071775636739
6605813001754774798
6632919871975853326
6639931517634088200
6639935519650221316
6639946938441534728
6647411044501163268
6650031854579698948
6655457533551004932
6658859333775838476
6659638348123999492
6661953058412465420
6661955363564309764
6661968458898607368
6662572764358118659
6662628773718019335
6664133446220369165
6670066165177486605
6671891732524829965
6678180553243626764
6680479610414664974
6680484308932726023
6680486383200652551
6680495441294920964
6680725537217957133
6685248402101521672
6685248974707887374
6686810669221825795
6687077401081416967
6687412730971868429
6687415218663935239
6687415441695984900
6687419353547279629
6687811321574051076
6692975444850986251
6693353542767463688
6695230573637635335
6700401364331154696
6700549546591898888
6706693656956374276
6706724761545755908
6706725685160955143
6707438561051839756
6708285613214354691
6708971806499392780
6711600610715733256
6711673130307423499
6714197602209926404
6714844810399747340
6718536657395649803
6719188785428565251
6719367286420983043
6719639684600941836
6720810902158970120
6722341983882333452
6722677705763998979
6723367944341998852
6723520593372957956
6723522583536405774
6723527309363662083
6723540942005046536
6723758691306327307
6723856443524566280
6724072932240379139
6724073013362412807
6725014910033579278
6726863850802597123
6729528749609454856
6731971438481394958
6731998623359339784
6732020059977370894
6732333962821209357
6732370114181598477
6733905101359959300
6737173013730462984
6741270032111701255
6746738577272540424
6746904276045417740
6746905110107933955
6746916482405403911
6747140566040988936
6747974213874814220
6753893273120623886
6753918581664140558
6753966052528508167
6753977989278567683
6753996415292149005
6755341958933155075
6755405727952653580
6755416306075356428
6755768839365053700
6757690178191576323
6758599323153403147
6759121139760483587
6759760505386044680
6761685888939478285
6765476032708381965
6765480777158266115
6765504634174917899
6766217741016763660
6766220299689053444
6766220724072910088
6766222242721434894
6766228423317703940
6766234763129867527
6766248464813722893
6766370765701991687
6766392183114222856
6766397552943287555
6766462015247518980
6766508408339221768
6766592408340729100
6767245097198161160
6767918377714404622
6768748406232943879
6768749535347903755
6769884636668611853
6770980407262399752
6771251306406464781
6771602582063320334
6772786213909843207
6774614259935563021
6775682394864241928
6775705327359839488
6777155234998340872
6777641222413602048
6779517808494578944
6781646180800646403
6781727165240118531
6782224171817635084
6784181585978707204
6784236847154384141
6789799043749989639
6790312812737613063
6790920932694281487
6791023538900978947
6791327276693769476
6791831278296599822
6798683452519533837
6798738016669076750
6798791300012313869
6798838586625019136
6798897058364329229
6799054384429845767
6799070294901263616
6799129732211346688
6799207729966681351
6799438229041958147
6800324239707606287
6800641564394769671
6800697177376083214
6801386212029517069
6802751301202595087
6802770862526319872
6802839353497242893
6802845079288499470
6803138853226990855
6803587758137806088
6803639669138492680
6805904789029817614
6805939478151122191
6806119699898699015
6806154638795050243
6806205657587485952
6806606169847680260
6806817903996914948
6806837820825619712
6806852595315969293
6806876094176759054
6806911175415155980
6807753138548837647
6809915709791931663
6810205219067038983
6810214757627481352
6810227456126094600
6810235766942305539
6810242340108668174
6810244511034379527
6810247544216620303
6810271009959087374
6810275919236812046
6810319473573219595
6810648413433023757
6812584743767493902
6813262520137026827
6813635878624234767
6815055785375108363
6815151234698251523
6815153433662770439
6815763546740116747
6816180936074349839
6816561551626013967
6817955495341542669
6818176700526972175
6818177047186181388
6818178781300165899
6818180586310536459
6818180833631866120
6818182445825903883
6818189045835762957
6818191541836795147
6818194765524389120
6818211739641941259
6818384473957092611
6818456717186157828
6818512388380282115
6819121035665755392
6819136014683032840
6819163384739646732
6819192874383576331
6819209408438914317
6819225937868000523
6819587416542825731
6820341703828884744
6820699058919820556
6821104150999272719
6822179237424925960
6823672276060278028
6823927741784624399
6824006803018353923
6824273888134941966
6824298917363043588
6824303959415557387
6824343107169996035
6824345287847349515
6824447680635309325
6824456540989230344
6824515285085687048
6824693917791833347
6824790268290632968
6824833850066095368
6825418062817152270
6826694516725124363
6826978829282692356
6826987786642509056
6827436705751076110
6827616334147243271
6827719074328349956
6827747092371393796
6827785033965686023
6828063511369813262
6828096382855941376
6829139570873863435
6829168861053537544
6829225780535414024
6829634216347716877
6829946831397506307
6829977515516251404
6830008628045532428
6830025257416428800
6830624718748519687
6830676220544306440
6830735992824155396
6830943686621203715
6830947702365261063
6831092597377780992
6831107091411782916
6831473572704259340
6831546631620463872
6832145810059169036
6832616226582236423
6833266792295697675
6833574345193819404
6833743607174843655
6833986187829562628
6834090217914354956
6834678309704535310
6835438074969853195
6835503656784186639
6835958738646551808
6836168603889405196
6836172690861100303
6836177348363144463
6836179631603846413
6836180902352080132
6836181677300059392
6836183067531463948
6836183231293836556
6836184471495068936
6836185378953694468
6836185591537863947
6836201017860836621
6836221278811114763
6836656871059819784
6836670907902070020
6836924424860601614
6837016406660271371
6837332562436738307
6837363937797803278
6837784250800966920
6837836003022064896
6838012336184298765
6838043239178652936
6838058397108079887
6838108232741866752
6838123554500889867
6838183183779958030
6838356560104803584
6838411054205144328
6838420817282469120
6838431310114016519
6838470532753706240
6838492904399310095
6838517419460332813
6838545142350089486
6838570621010562307
6838779314671029518
6838788578584169739
6839222788197321991
6839291158720433408
6839340370296442127
6839504528132312320
6839631607658220814
6839977126981127437
6840651629285461262
6841202699501980940
6841369965208145156
6842097049127718148
6842189070978813184
6842213274075843853
6842285820909489421
6842302496388517131
6842311648456281348
6842468747228335367
6842634497394035981
6843587287889087755
6843986345631829262
6844116748266917124
6844137104889433358
6844306836745702656
6844722773693074691
6844756518349360392
6844761643717594372
6844773921955400974
6844775384911711500
6844776284652915982
6844776403682987264
6844778284421631247
6844778978494958848
6844791137807420686
6844811072893996301
6845066012333788428
6845080072357989636
6845109782538472711
6845131127754214671
6845297094828281092
6845443361369820430
6845464116518325504
6845554752420318468
6845664512251645199
6845956029348367631
6845958218343091456
6845971406891568391
6846239194554060047
6846270288255044878
6846277571336752384
6846314399595040000
6846941022308683016
6846962776804510988
6846996541232663808
6847022560618482957
6847313184450252040
6848005225207418120
6848177805520293120
6848434489488624911
6848784835973057800
6848860607907695883
6848892717498371336
6848896622001212685
6848899375402421508
6848941907926584591
6848958762087156992
6848960147729960207
6848963030395522317
6849160135001115917
6849177771898440963
6849580996883451150
6851147341253135624
6851398726708186376
6851503683750857988
6851858629604150540
6851858679331884301
6851858895221181710
6851908839277595918
6852229819191676175
6852515832187112712
6852522086913658125
6852539740328168717
6852586988072160512
6852677764353379597
6852876712024280335
6852945157218766091
6852945783688285454
6852973825793985804
6852979877516283151
6852984894365207821
6853029182356753675
6853077464843832583
6853242304224922894
6853279858903092488
6853595702258420999
6853598175782014223
6853649144918084879
6853654661677796622
6853680327718636813
6853696390283922702
6853944547446148364
6853962519736798479
6853972709974494472
6853973226440117517
6853989224878787843
6854042677390904583
6854043084150344974
6854064950038514951
6854069496425073927
6854097139853757704
6854107493627399437
6854141579452484868
6855096922303155471
6855480621616221444
6855577899844635919
6855617331767381256
6856594694877596942
6857307515592396045
6857313418328689935
6857330618292768013
6857423306220457230
6857760867765800195
6857769856498994439
6857787505337535752
6858057926506990862
6858063433804401935
6858157169779477767
6858470103583935751
6858496463324990728
6858568240021409024
6858629768552713486
6858865626597903624
6859189072108260612
6859227229776268555
6859536716722638095
6859578472910671108
6859606107627818254
6859990030639828238
6860312102125456644
6860326519579970819
6860436552699350272
6861501869743770894
6861848484539141384
6862161911828499726
6862170451624447245
6862228172075765007
6862253405146975491
6862492808612154637
6862496739316763908
6862496783692500228
6862603682614185230
6862620046783548686
6862706010994248975
6863261542293441805
6863372774707072263
6863670234700680461
6864452334915816704
6864830194549591300
6864830459587710211
6865921098651897103
6865979338509126912
6866260665762401550
6866295416246242574
6866360146147265800
6866360691012472067
6866400849942351111
6866629945838275852
6866641073729588494
6866675644713929995
6866707115373825288
6867356883720736011
6867361315111980291
6867415299667315980
6867451579465764108
6868254006939094279
6869892868224322830
6871052742379523341
6871564257146785024
6871569249878478094
6871826519736585479
6872158398226418958
6872218356959677704
6872241276243250444
6872270966106459407
6872297877264207117
6872315365985176847
6872543801748016397
6873739404939136268
6873740731245219076
6874895234182941959
6875217471041735939
6875320285118156044
6875518254727580935
6875521596296137991
6876084422584585472
6876220191492148487
6876257542276730120
6877747200793857288
6877905833980726542
6878118954947087623
6879648527568375051
6879657338479922447
6879725157846387975
6882643461967777039
6882908970764242187
6883028290722876679
6883331385835244813
6883425147680804100
6883688654267567372
6883734332104510724
6883768866443414795
6883831030139194637
6884573066844835086
6884872001551404303
6885912598605237507
6886048565702053133
6886296759493020941
6886309004423810307
6886310115218132224
6886317851376913668
6886334348988124430
6886357948747058443
6886430430208298255
6886690524598635784
6887458098420731148
6887468950859435268
6888160891062193411
6888185150035758348
6888255713102105859
6888295653252828424
6888628485665901824
6888873897144454403
6889038655147543822
6889290848429722880
6889304880939306253
6889320431329840399
6889365879549676813
6890005271863627011
6890102205412543751
6890103435056647424
6890346401767623944
6890400107934600448
6890401070326041867
6890529616985869571
6891203642074926350
6891252687153663246
6891542492282359051
6891596634208210187
6893389748480625934
6893761625375902979
6893817237463977223
6894080336926346510
6894123222929902862
6894498895607450894
6894612649531723022
6894776905745042703
6896454994564828428
6896489623871032590
6896644027702152455
6896644309940997389
6896645285833968910
6896645750239808775
6896798684684553487
6896848817627450637
6897034063606058253
6898304240838561035
6898627406563757316
6900287208352189709
6900421259419487495
6901142136364862731
6901513323875978496
6902244200536984835
6902244853975928068
6902612730855869703
6903516292544744717
6904190453969620232
6904831360410602759
6904946721210617092
6905321879456861454
6905628008716029197
6905746694005099791
6905941408226528527
6906270461873622272
6906310378238561549
6907161181887220996
6907416097469910276
6907420193622985997
6907446228024380680
6907898669622660365
6907975848503135488
6908203817863499016
6908248927825382664
6908520057878498572
6908524417744194824
6908546184256834823
6908996925001862407
6909367741052931341
6909380431892794631
6909663625506508032
6910459766439447819
6910821547510926592
6910848869672832263
6911241104876752141
6911597286476811534
6913508533107543309
6914471100944551168
6914570532776103175
6914584068289989902
6915213929752956168
6915359540363939080
6915542827426467086
6915942286828342543
6916043629995887883
6916048903624330500
6916123476306742531
6916438087664962823
6916496093836594447
6916680730785402119
6916693245837806863
6916697301520043264
6916708434427530499
6916735523188952328
6916754377227111688
6917146786058554636
6917413709052660995
6917513241031642380
6917513401027677440
6917514786771160333
6917517499756023052
6917518319717338375
6917519769889541391
6917521385057160455
6917529077662453006
6917530149990698240
6917532912292252943
6917534938292079879
6919101461557202188
6919103246233570564
6919111578998639876
6919633818316066051
6919727281380363527
6919800791696002319
6920392203827268864
6920507291275971844
6920514939933166860
6920826150474222856
6921274634578988292
6921517457811344647
6921530276170550543
6921575944729693447
6921657713025961228
6921677973334543630
6921877001590689038
6921906621920627976
6921984059375766798
6922462128716729615
6922772290446937352
6923031334898158852
6924506575486930176
6924525157621026055
6924686470749965583
6924875295799430415
6924939109215653123
6924956003725364487
6925223734156545287
6925313216381734157
6925366755388886286
6925630911501307147
6925768487881297165
6925771486640819469
6926555529158364423
6927492596331728135
6928624085714914573
6930455911005834508
6932785250984660232
6932788605169487119
6932790651176242447
6932791427265072397
6932793941297270024
6933020013653691656
6933097002435726605
6933945482934832398
6934173790754573568
6934516526846430464
6934517181774302464
6934678435339980046
6935052777273969934
6935427469554093348
6935640384068439332
6935673902374997278
6935740364347149583
6936451574046690598
6937114875189595423
6937568290604682499
6939705680093826340
6939771750569823502
6940414747292486949
6940819252114935079
6940947333114875174
6941945811177606441
6942046714337578253
6942050121597078788
6942111753811627264
6942444605975661858
6942767871684578591
6942865258377694497
6942867105645694216
6943058156968742174
6943114614414609667
6943212523181116713
6943403246866238724
6944180901626563847
6944183348491308318
6944194124060888356
6944252027438468365
6944537695473519883
6945220453338320142
6945371204471573763
6946368506640223519
6946559118064848162
6946922230706097408
6947165100222565663
6947274925078039811
6947275565011438878
6947308827322731779
6947318617755127078
6947639066594790695
6948423138476625182
6948604620235148585
6948678821382081799
6948746414448987404
6948988362430680351
6949057632543968526
6950543663424359693
6950557313144982792
6951669781250542879
6951671537141435679
6951679957756087565
6951694957057002760
6951954708068076813
6951984255584996647
6951984332437245215
6951986198319516939
6951990295361817860
6951992689579576613
6952011958073838856
6952024742920604958
6952063448582737165
6952844502319025416
6953180044663606564
6953603582159506728
6955298325201489166
6955383616880856356
6956010318124404002
6956048707829746974
6956513104595307776
6956861520747760933
6956873877754481957
6956876863784389895
6957332862806871333
6958356118821244190
6958423572402457871
6958444948777749767
6958632363018554656
6958700705565658405
6959100069924654372
6959108100074900769
6959153860627811597
6959445688598023432
6959557935596850435
6959868141245582622
6959882766800407843
6960500262389697806
6960564672554667267
6960565268309445895
6960566438436326693
6960880794919341352
6960982614324874496
6961414337353354531
6961619376055291168
6961679665048096031
6962035654960106766
6962513395006393637
6962719307059006757
6962773069005950244
6963096918754938127
6963127737955470633
6963840071669763342
6963995027122949383
6964307997883403527
6964344406887517471
6964369257022999849
6965376782115572999
6965408559379074340
6965453905228483874
6965764136655539493
6965901953180208423
6965930944154897672
6965939071847779615
6965939647004298499
6965944220968357134
6965944255768513829
6965945917509733635
6965948064905399555
6965949219823734052
6965949499055344927
6965954615594503427
6965969917724101925
6966646454219787560
6966807670456077582
6967239675295616293
6967505700071263524
6967908914419485988
6967963198112713997
6968670645626342686
6968671834694782219
6968679947346939167
6968682298413780236
6968702523637108004
6968705181332557088
6968712359783288103
6968739328969264423
6968999140315450638
6969435715524414756
6969441526204108062
6969600590737378599
6969811065626496293
6971075536311307552
6972355496539868450
6972363800263675151
6972388423386582312
6972402411998678308
6972420491227188487
6972433581129927976
6972447113024146703
6972494564657548583
6972518820296658210
6972788461677972750
6972797607403932966
6972822369048071457
6973093033269087495
6973100059894254859
6973111647816731935
6973131309623332131
6973131558630821128
6973131802902891810
6973132866595130663
6973132914473061644
6973133690469633314
6973134961222143266
6973163491779726607
6973517103378861315
6973583949612256526
6973621961121484068
6974190748006681894
6975525474722270494
6976057009275784460
6976452250612944139
6976553646884490527
6977581008392555784
6991491832731471143
6991492579351203103
6991499503631076612
6991500180289785126
6991510973530033441
6991520662259125518
6996165317244341541
6998389046774959397
6998406307627699467
6999597490399907109
6999606918415273227
6999617935186627847
6999618607625866533
7000990476274830629
7000998985607531780
7005117123030797600
7008814496965741828
7008814789472374054
7008815008708611360
7008828598815591713
7015096155822394631
7015141085047491852
7015162143196613920
7015175549756673293
7015179078063918339
7018140769592675620
7018142188026547467
7018157503468834084
7018167400063372581
7020635036290501921
7020638542674087206
7024506816197365003
7027839508112477473
7027840457686224167
7027841726249209124
7027842098246339843
7027850535449464076
7027857818065669415
7027859856119958820
7027860249763646750
7027862919559925030
7027863154243669281
7027865298359307553
7027865369087872264
7027865610503605508
7027867462083398945
7027874561815252232
7027875719078366476
7027877118893640968
7027879223423503629
7027884760277994760
7027885300571573518
7027888720120384775
7027891515733200132
7027891782197251361
7027894775168634148
7027898091239968031
7027902340577479975
7027902690940177675
7027920751856553219
7027922688245075207
6989433418803186975
6989576732403698985
6989496406260157703
6989484416708005152
6989445925752163591
6989551730866359564
6989452227056258318
6989424478283435301
6996961870460505352
7013643268407741709
3xhtptauynmdupm
3xj7w4vyyuumr3e
3xkv582e67xapjm
7000396692839271694
7016216852875562271
7007029125328178468
6987686503098895647
6988490986850651425
6987628050611588367
6988277007628897571
6992447450963365128
6993691653328489739
6984169828995042574
6998826355425086756
6981097615320468743
6988313422119177506
7008076204368596255
7000288201763982623
6992380774750244126
6996465978309643527
6996888663145696516
6988367031007464743
6988347682641202465
6988347102770335012
6988364635367886087
6988350632432356616
6988332678042995976
6988355207474187528
6988342947431353604
6988376220043955494
6988345870337051934
6988384134892703012
6984397462026997026
6991335890241015078
6993190210511146243
7000948535936011557
7007294950069013775
7004612252749794567
7004044204104092935
7008532276556434726
6989623502961757473
7007256255601331471
7001292102290132262
6983145466733120775
6979842981633215755
6980156179301387533
7012049416127270184
6998054384126954752
6983341699493874983
7003652634578046222
7016925919562501389
6978378060353539341
6990172593567321374
7014507425130761479
7005217766269619469
7003774950452497703
7005708253988506894
7006505596249738530
7007335568988212515
7007025077606714635
7000551278275300608
6992166958540148004
6998697010668784910
6992174785912425736
7013334169975606561
7013527137529384226
7013535575290481950
7013491373680758050
7013493792384797982
7005542053106961677
7010731047281331489
7008360046098746664
6991423203205713160
6994992929060277507
6992536341691010304
6992104868131458337
6993172696712482062
6993667558448696589
6993897539623800100
6989987731669617957
6991877895970884896
7009133406340631842
6981724915720310057
7016082793277033758
7000613000121945351
7001004084434078976
6998453571247164685
7002406832895577383
7001135709012741410
7001496580188572961
6997617707092856064
6979490643181620516
6992930408786644258
6984729526995586345
7011798479798324520
6988105022747807011
6988040278133296419
7005031876503014692
7003880241902947615
7004324389533633830
7004593652139855143
7004401905539566885
7013640580437658919
7007951328680971555
7004610133938425129
7003640350795435298
6984060939821714691
7003565889027067175
6989209196025728259
7009640844173085956
6989542437265935629
6987344677544398113
6991221279806229797
6981376202854370600
6978447063453273352
7009610933437746468
7012512283138018564
7012408088154115362
7012365954877295885
7012836080856681736
7013557383226051872
7004711785823472936
6988806768662957312
6988492921263787300
7008903037779479849
7002498473455045902
6994985239529426206
6994715205578149152
6990601021982543104
7003940340956761381
7015592826054479138
7014880697168973094
7009838697545813260
6987965120089525516
7016158173178481928
6992864494305217792
7007322146288504096
6986771327285726500
7010799760575647006
7011714515356159246
7016886917191044392
6999789925893737735
7001836155834567968
7007602560160877859
7000724523041541414
6995176277158169870
7007543428665838852
7015120049664970023
7012774343679724841
7007553697945324803
7016712547759967523
6991420442137447687
7003606994833771806
6994584141287165219
6989014784683429124
7002792013359811870
7002772527424589092
6988569067028303141
6988398931788975391
6988524874654289184
6988731721214594308
6988654591785061672
6988083209904934179
7009103145875819817
7012226315784899881
7011435340359552268
7015866922952641800
7010716223960812834
7012377268827802895
6998925550685261067
6999202660243033351
7001793175912205608
7013676560733556004
7013619339924360483
7013648410569936166
7013637183722507533
7014124247391931688
7013617655517056293
7013628745391033614
7013606549541227807
6980163382900952352
6980688326005214476
6986508597135969576
6989245926250532137
6988731395401059591
6988823542125137192
6988822051410742561
6981017729503431973
7001781542766775583
6993132366109641988
7000234313220476167
7015944426862152963
7009449459268537637
7012550052149349671
6993680509851192615
6997255056294677791
6993695176057277704
6991053959905479948
7004708327485754660
7006471084102978851
6988682262237793550
6988446831701282080
6988470819655666956
6996975047013354793
6996149984123014411
6996960184220339496
6996180288422415656
6990274939051986206
7002009621653130496
6979582520740318497
6985499664539831593
6986149633626049796
6985718689903545641
7016653111951478027
7016295347622366504
6988475024562720033
6997215310415662375
6988717281333251335
6988500375594749214
6990396523871767844
6989223095152217356
7016857783479979301
6998450830852541708
6998644293661429003
6998418311407062272
6998757889745718536
6998537799976619295
6998441704458161444
6998682545118367013
7012839691653369118
6998348900516039971
7002137220622699812
7002483964787035422
7002790840036822286
7003220612894199078
7003139927860907271
7002881545740586251
6988362750644784423
6990508795952713000
3xbvqhdas3sb89s
3xdn98c7ghbj74c
3xx4yy4qwzfmc8w
3xf849a5v87bxnw
3x2qdx6vwrnaeqy
3xhucc7we6iihi9
3x565u5rqzmdk2k
3xyv9ycbzi426r4
3xumtzkn6772xci
3xwkd4bdkd3yft4
3x8ft3yny3j9nqs
3xesx39h9s7x9bw
3xbp92npgu2ppeu
3xcvxd8bvp5xys2
3x9d6k674j8newk
3xh3bvqxk5dzyag
3xngtmpr3darssi
3x7rav9yzk3whvw
3xhjur3q2exjqw9
3xu6chvjsunkf5e
3xhhpqq7hw82wqy
3x65sbt4v37rncy
3xknypu3m4w37g2
3xttzee8t79whbi
3xritiscbi6w5jm
3x27f5qs8sye8jy
3x29qa3tdevpjby
3x2j4qjgpky2tfw
3x3r8a3maezknyw
3x3tsjvcbd8wzpi
3x44qdubkgakpya
3x47nmzxjjrrxjw
3x4f6tcsx5eg5me
3x4wzqhpf2pr23u
3x5bsx7my8yx29u
3x5x5miprkvphbw
3x67v5cyrwg7ifq
3x6wgga2ph3jxza
3x6x7szqy97ixya
3x6zszjue2kspb9
3x7269wyyimyzm4
3x7f6bxg4j46cdk
3x83d33mbekpx9e
3x83zw7z59qpfx9
3x8w26udth22cu2
3xadc32fxiy998g
3xafa6w6iksyr9u
3xahzbnw59bgiv2
3xcub57ub6j9jus
3xcv2rrgq6hxs6q
3xdhivth2efuws9
3xdipwd5nde7586
3xf9bm4943xu8z2
3xfdxig3uwizb8c
3xffg69x86g3sy9
3xfqd2936x56sa6
3xg97d5m8rgd4eq
3xh38ex6a5q7fp4
3xh3yqpexshcm3y
3xhcrgpx67qcxy4
3xhqddfy9c767cc
3xiibwtmpm2ddc6
3xiickbjafrcsjm
3xj5igrhtitfruq
3xj847b9ksyfiu2
3xjm82mkej2cppc
3xkc68r7sikqn6w
3xkw4nmdf2aqaai
3xmefydzub9tuj6
3xmiinxjrd4pa69
3xmquur95nbnq6e
3xne59yy72ac7ms
3xnju8srvdbjgwa
3xnq42svbhe8sg4
3xnuy4rkufkecmm
3xpe7ec2c8vxbqc
3xpvqxh8jt8fsvg
3xqf9t4tsqbgw5w
3xqgjjvh67txs3w
3xr8w76sn8v8uhq
3xrrssc3euy6gvy
3xrt92ujdh8b9ti
3xs2zix577c8dt4
3xs4zww7ccki8y2
3xtcj6m7jy4dec4
3xtrxrpz8cvkpt2
3xtzz8mxtfz4wc4
3xubjmdsfgj26m4
3xubrwrx6ik7eyk
3xv86srjimxszvy
3xvdy99nxdp8agm
3xvh3yfxgn2sude
3xvivcpu8atrg3i
3xvme6jhzggeckc
3xvqu8etsfb5rbu
3xxtwntdnjjduwi
3xyssmnfkp3zvh2
3xyu78psjmtc77k
3xzgybrcpf8zwfm
3xzsm73a8bw4t5s
6977934327946464548
6978451541418069281
6978466384560803103
6978679609512529159
6978809243185073423
6979087409996664071
6979954800599371039
6980603426870742279
6982133029397482789
6982426156553260301
6983295000121511208
6984057954035109150
6984321731674541319
6984415781287169291
6984420646168169736
6984709257069399309
6984730768262188301
6984774738744790285
6984780877502942499
6985123823758675230
6985148688599452959
6985416918224129284
6986257142642691342
6986540295076859144
6986561598680878372
6986823108564897065
6986831637665402148
6987023271656967428
6987030561093192972
6987545166991084813
6987554046303407391
6987652076654316830
6987692817392979233
6987694426378358030
6987756426290531624
6987765025024773380
6987926512364277007
6987961460941016334
6987976900471770399
6987990211426815245
6988011078420647198
6988028759072967940
6988034393491246350
6988058857863941383
6988085268494552356
6988160063231888675
6988303473049734437
6988319574223555847
6988355283214929155
6988398982594596103
6988417863581256990
6988436971450371342
6988463734175943967
6988538403017035044
6988539797950319908
6988633278005644578
6988648445850455335
6988655021533564168
6988658583508487432
6988677562289458432
6988685306669092129
6988686083613543716
6988722921858518276
6988727422384344333
6988748341433601287
6988749025277136159
6988767219563941157
6988778497846152488
6988783850839133471
6988795106719468808
6989050946466630920
6989054254346456327
6989056563323358501
6989068562510007590
6989072004984999199
6989073697432816933
6989095482073025806
6989144378392497415
6989233489522527503
6989478568946388260
6989484406104689957
6989553415466634509
6989830805723811076
6989838370146979083
6989865099649355048
6989873964189240584
6989879848529333512
6989906160413445406
6990227614799514891
6990231897909562635
6990235515492502787
6990242302790880543
6990245576285768997
6990259339986603276
6990259916208393486
6990277053945777439
6990277333823343879
6990288935809273120
6990315589604625703
6990642579951947038
6991047652259499275
6991063619983166733
6991271392138317059
6991315650144767269
6991483878930124044
6992030934585347336
6992068947063459085
6992111449275501838
6992127030460501255
6992154335161486600
6992188699207339305
6992396704175639849
6992530636137352481
6992786592934956325
6992805039286930729
6992868961725599008
6992870723819801887
6993940443503365383
6994408225005145378
6994735251490704675
6994787235748924703
6995034911715495181
6995042411118333215
6995111532946328845
6995183568620195103
6995453847942499615
6995458080293031198
6995471139426274571
6995926599174507783
6996208267248536865
6996260709923425574
6997606856353008911
6998461234035150117
6998866339808955659
7000946768321989901
7002013336548297992
7002783251727142174
7002787673081449741
7002792398082411790
7003174376501693704
7003323274218261790
7003588006300896519
7003597350492982565
7003604300123442436
7003633195887381797
7003728090253774115
7004128355888958753
7004304973991365919
7004371861605764365
7005070507431169288
7005715166004268323
7006256451161214221
7006550296226712862
7006966963960286477
7007318985393851678
7007607583020240164
7007625423093796132
7007689008151055630
7007696528345173252
7007725023771331844
7008191125190151439
7008243555298774285
7008444285003648291
7008444769395281165
7008543910867848479
7008759062632434944
7009442450586520843
7009810928149548318
7010563690705538335
7010619156492061965
7010720850617879845
7011347681729629448
7012816937730313502
7012823302880185607
7012842517238533406
7012901246478667011
7012977027187821838
7013170559047568673
7013226060045110558
7013533576759086366
7013592085433535785
7013641819443563810
7013654980955557150
7013670245978148132
7014037343271177485
7014771785946172676
7015088065521683744
7015088330807217416
7015397821289352455
7015413269745700134
7015504911643299108
7015819288053402912
7015912615247383815
7016269741698354467
7016541340636941599
7016544513078431006
7020632717368888615
7053609099254041895
7038747888897264935
7053384921401789708
7031561017180065063
7056367962126634253
7044899170313850153
7040459322459032873
7042840706381106439
7055265850936397071
7034350483309399309
7040430360127130892
7034682911441915136
7030659592841334053
7040780207178927372
7040585061250469158
7042654809836621071
7036877571987934479
7029994065131277598
7027992116609453350
7022645150371433732
7031042923403726118
7025198307337063721
7030579781770988808
7020557739868867870
7041717698761329923
7057819525407952167
7021083431903808779
7021289862108122404
7020440059090406659
7035914620879555855
7022988623481998600
7055097663162879272
7021437448987102471
7031081942648933670
7020227111260523809
7020645164867702055
7020228622967491879
7021399162243534118
7023059343138442511
7031865728416468236
7028529035609148676
7030342786935246084
7031123988202016039
7019625163473865996
7021306852726050052
7021159338882370855
7021067470937001254
7020326987369696526
7023011062509260071
7019851942029561091
7020227558654479650
7020242118274764046
7021440042019179791
7046160617840856361
7035462964685704479
7025213002756394276
7027611337324858659
7027494216439811364
7028900912034893086
7028190137171430692
7030430491962527014
7031444334620757255
7033613488576679168
7029522681917689091
7029585948459420964
7029209861531520294
7028505403948420360
7031153752790830374
7029566764732222750
7032253745689857317
7045955588488006944
7029482339818392863
7056313944817945856
7054005875446500612
7032453438562700578
7022992369045851404
7045925414622989605
7030004578389183784
7048603452229831943
7048279986280598819
7019839633865428262
7037659286041906439
7026283453658287400
7056381386420145444
7030359137842154752
7051811666438196521
7024261770944531751
7036919950036012292
7036319814654151947
7037223827880938752
7033359367730777348
7018071054258031876
7024680548287139110
7018354482329177359
7020263243776019748
7042245916841053473
7048940393475460387
7053548393922071823
7037499302746393893
7028615037652618500
7030642279803079973
7055213699849538831
7034083180672011552
7031092145968729378
7030958335998315790
7025234606643334440
7021151306094038307
7037740090369625379
7042467822664043783
7030354324840566029
7037462720379211011
7035566006554643751
7055906127388658974
7038252244478840095
7055180730518883587
7031859613460925736
7056300233491303691
7036952898252639503
7042975466105343271
7044047262388882688
7047811261353987369
7027945823648435488
7045091116760239360
7035978396383431976
7043412541501984038
7032213017500732680
7050313098820947207
7024722988222123302
7049723441108241679
7032287848623639840
7049920788383698215
7056404286284090662
7033661092387720460
7041471601153559815
7057110614602288425
7043725834615606564
7041770702990626055
7041976735910432034
7019176421272718604
7055611209025850662
7051927357380168960
7042845353191755020
7019104516016590080
7043312251079576864
7033568781016239400
7054523893691829544
7031973520406023427
7034840731491634446
7034118132620971303
7035068206834355469
7034590432021581088
7028207119946059040
7019485257175043335
7019796409754881316
7022452124336262414
7028536210775723272
7032965221509582092
7035210171949288740
7034473142282095904
7029602985692941572
7047561614614187264
7057098924561108262
7039513583717272863
7050839413848296739
7023492285463612708
7045264001541917966
7050820590671842572
7049986028387568935
7048197292616174862
7053134515258068257
7019257441250544904
7040074834931354914
7018074404609330472
7017791130548833536
7027662208859393313
7055801040767159565
7053378834468474149
7029201231767784711
7056682221725388064
7034867342387596559
7046313095060311333
7036923326471671053
7038198919838387493
7040481564500774178
7018010806272920835
7057257608880655650
7056176038535056651
7054330907901136166
7053088371425529092
7053012112385363215
7053069428979764487
7053628147362942223
7057450949576609031
7052273452274830599
7041921581278416158
7023287644146633995
7054459665228303657
7047824234395045156
7024047971012480293
7018383515674889504
7055924468711050503
7054804462501776651
7042979615991811342
7018087007637359876
7018009000729988352
7018389998277774606
7035112768273517828
7055540654083935523
7034461852092353807
7042505949998828815
7044789589755612427
7044814190552321287
7044720935663914274
7044536903693110536
7044544101886332167
7033034658308771110
7040050087627607304
7043952122508872994
7051775977361296655
7035206290636836096
7029845929318436132
7017364334938443039
7017724427525688576
7017589177361435936
7017441093457399077
7017739552920014116
7017986654732340521
7017611679143906568
7017716576472321315
7048919632329067810
7048827243237281055
7048861382715936035
7048879953420569893
7048783060040551710
7049581887957896480
7048915245552782607
7048807143155191081
7038847899148504361
7035527261545598243
7035936383457824041
7035041510471093508
7019175347518328098
7017344287406886181
7017259392332549390
7017433906135698724
7017326145901169956
7022913322009890051
7025586251960945958
7018344678059724047
7023555587845672204
7017695556092890376
7017414510847724836
7017526065920789800
7017442227408473385
7060231048436665640
7060192184368221454
7042498832483028257
7034494607262059776
7031891728529394982
7039973983286054179
7048969477999840516
7059265016276552992
7054455374837075204
7038944755274829096
7053608466006510880
7022235670324251941
7017376717115264286
7029229563137821989
7041933462365883683
7026575265421610244
7037803401752677662
7045383922292641031
7027674089112341795
7028703095957851407
3xy6xs5kz4asrd9
3xzfu98w5vd8rym
3x76a99a5e67jre
3x86dqjqgniye9q
3xsefhr4knp7zvm
3xtf6mqjhubyp6q
3xqjpzpt4e4jmd6
3xf254cgufipfa2
3xp8rwyviepz87q
3x2t7ggzjjt2rxy
3xnw86kuddjgs2m
3xvvv5qkks2p7ba
3xp849bntcd8umi
3xkaxd72w6rqct9
3xnh6ksug7tnyti
3xrdmz9jp5euq5a
3xj4meizhnndq7w
3x6d7bq2f8dc95u
3x6y3jhyehykdz6
3xvg252p7mhzxnc
3xdq4zhsege5nsi
3xzxrpdjujcqbxw
3x6g8rysfypvsc6
3x6kgc2skkeys7m
3xrk8cxhhqwimqu
3xytyzwx3fpd5va
3xyekg2aa2sfxq4
3xnqtnd2zuif7ke
3xtnv52edctx7gq
3x2xkqtcffyy486
3x34p5rv5rty2kq
3x38ctqewjb8hmu
3x3e23czmz7bhxa
3x3rg3rthx6yk8e
3x56fqqqan35vtk
3x5azhb8s73fe3e
3x5figva6s2sk7s
3x5w3hq73bw9eby
3x65ep66n5zqdxm
3x6snt7agsnh6yk
3x7t93y4spz9vce
3x8hupc4mjyjx7e
3x8ire7jezweh7c
3x9dv6iyh9vqsny
3x9zrpu3gbf7hh2
3xbd9q2xtppijqu
3xbiwhc4gr6aarm
3xc5gnc47aqijk4
3xc8mjfrqhruxq9
3xcbamtjy9g79fc
3xcwdz3x45utvmw
3xcz7in4que5si4
3xd2pmsy6jz5t64
3xdqfdv7mydwwfc
3xe35cdfnkit36c
3xe5ep2me9fcac4
3xee737rmjg4p92
3xeku62m6ws5f92
3xekv75eurqih29
3xexs4d8xaxzsxk
3xffw33yzwyxn66
3xfvd5368w5aaw9
3xgjcuv8463gbhs
3xha6nekemhtwqg
3xhdghhypy3s9ma
3xhykdy7axiwyaq
3xiqs66buw6r2jw
3xirssh3uruebri
3xizkej8sh2m5ue
3xjbrxwwnt7eiek
3xjmefgwtxxvtgy
3xjp7rzxfjd5wes
3xjtcqeba4gb9wa
3xkv3tjmzcqvn9c
3xkyntm4ddwj69s
3xmydr5rp66gfpm
3xqd4wg3dspf9ra
3xqeqr9w3n4c7hk
3xr6rund6htjga4
3xrq9wuzmb2n2wg
3xsu7qvs4uc3qw9
3xt56hysgxmysde
3xtgnmm6ti7dax2
3xtrcijpu64y6xc
3xu8n8jmv53tx34
3xuhnzpzcm59xjw
3xve3qzbjw2z6ds
3xviwmw4hienh2g
3xvs9yq5ssbq394
3xw3y8ahpfbefak
3xw59ifzkrgxeg4
3xxhymwfjqiwaqk
3xxpn236a2yfygq
3xxqh9g2mqd5z6w
3xxy6dwpnfur2gg
3xyee2uc9irhyw9
3xzrpewykxkhw9g
7017441632828067109
7017697773889834276
7018051758337412366
7018081523995888903
7018173859207728418
7018372776943766823
7018783925770128655
7019229281704250662
7019606833019047180
7020393255414156552
7020425430473706765
7020439365021224195
7020553684987809032
7020684985111809310
7020750371622554913
7021056131950857480
7021093041859579150
7021333575794560288
7021383978431106311
7021409894137859365
7021444066311179560
7021764129945898271
7021897732549823758
7023193130031713575
7023244925978397983
7023245555539184931
7023258320903441699
7023626433339641092
7023692039996919080
7024060485381147918
7024386092619025676
7024763407547125006
7024788820474318094
7024868156531330304
7024869071128628516
7024872299543235874
7024876615393938724
7024878215407619362
7024885711677525260
7024927766906719518
7025048954974833934
7025136991641537833
7025142316490919204
7025145570293566731
7025167215913667851
7025218023657114910
7025399661116525854
7025573055808294159
7026286039853550882
7026682604434902276
7027022221763824926
7027490498361265443
7027788692471287076
7028054479111015692
7028133155794111757
7028138502562860301
7028453876248399135
7029478371427912973
7029504216238427431
7029510412718624040
7029577288278641927
7029590123297754371
7029591662020070691
7029617693196160290
7029948498762157342
7029969757415673119
7030541499603455247
7030728031652138273
7031744433435479310
7031939937406553381
7032175363627240744
7032614704946138404
7032866394190417155
7032869305435933963
7033335315314101517
7033669372057111815
7033779180982603049
7033979808505777411
7034062611872238856
7034629754259098916
7034683697068592424
7035424396676320515
7035537991837699368
7036960164108324109
7037037902475300128
7037346913875709197
7037347520925715720
7037678639407713544
7037720351664590120
7037808720532786445
7038497948476378383
7038557817552293123
7038604197650058503
7038808265320418563
7038857031654182148
7038958429158870280
7039178038545845536
7039183851284860197
7039192061043576100
7039894871749987621
7039904064364088608
7039905905583918340
7039922477526469901
7039925672155860265
7039979927290039588
7040267067081133326
7040993287494307086
7041376892577991973
7042127707425099016
7042137290080062724
7042975772717436167
7042982526268362015
7043022295295593763
7043265905731620103
7043426723593014562
7043587064008281358
7043686053001186567
7043720289464749325
7043746381047008545
7043748758198258975
7043791676510440745
7044335645887712548
7044483368649493797
7044719543280848141
7044795417824922891
7044821798168399141
7044849883752320270
7045236629421690153
7045640507996916992
7046643645541403941
7046936640991792418
7046943614638787872
7046999925455916318
7047031603356388621
7047060920429792524
7047470404633480462
7048461958416305448
7048471469944327464
7048576318459497742
7048950287305952544
7049184364088823053
7049357768301546755
7049528744184204574
7050033675534208256
7050044992445893918
7050407300435053832
7050479213098388777
7050683268659727646
7050760867020934414
7051110607449263398
7051566224471280904
7051877619251318023
7052522725612489992
7052674165236583688
7052861203307056414
7053369565618670856
7053657591594962210
7054011574050147598
7054496591473855747
7054857378411400456
7055512816345795874
7055532121758158112
7056399445985987871
7056401603636563207
7056402040389520648
7056718049017204004
7056726761974926628
7056960971734109476
7057915117601688868
7058183113519746307
7058189158447140103
